56
NULL 0 Common 0
Joined 7 0,255,0,255,0,0,0,0,0,0 Latin 1 0 1 Joined	# Joined [4a 6f 69 6e 65 64 ]a
|Broken|0|1 15 0,255,0,255,0,0,0,0,0,0 Common 2 10 2 |Broken|0|1	# Broken
R 5 0,255,0,255,0,0,0,0,0,0 Latin 12 0 3 R	# R [52 ]A
o 3 0,255,0,255,0,0,0,0,0,0 Latin 4 0 4 o	# o [6f ]a
y 3 0,255,0,255,0,0,0,0,0,0 Latin 5 0 5 y	# y [79 ]a
a 3 0,255,0,255,0,0,0,0,0,0 Latin 46 0 6 a	# a [61 ]a
l 3 0,255,0,255,0,0,0,0,0,0 Latin 16 0 7 l	# l [6c ]a
W 5 0,255,0,255,0,0,0,0,0,0 Latin 49 0 8 W	# W [57 ]A
n 3 0,255,0,255,0,0,0,0,0,0 Latin 39 0 9 n	# n [6e ]a
d 3 0,255,0,255,0,0,0,0,0,0 Latin 35 0 10 d	# d [64 ]a
e 3 0,255,0,255,0,0,0,0,0,0 Latin 36 0 11 e	# e [65 ]a
r 3 0,255,0,255,0,0,0,0,0,0 Latin 3 0 12 r	# r [72 ]a
H 5 0,255,0,255,0,0,0,0,0,0 Latin 13 0 13 H	# H [48 ]A
t 3 0,255,0,255,0,0,0,0,0,0 Latin 23 0 14 t	# t [74 ]a
( 16 0,255,0,255,0,0,0,0,0,0 Common 15 10 20 (	# ( [28 ]p
L 5 0,255,0,255,0,0,0,0,0,0 Latin 7 0 16 L	# L [4c ]A
g 3 0,255,0,255,0,0,0,0,0,0 Latin 17 0 17 g	# g [67 ]a
I 5 0,255,0,255,0,0,0,0,0,0 Latin 45 0 18 I	# I [49 ]A
m 3 0,255,0,255,0,0,0,0,0,0 Latin 40 0 19 m	# m [6d ]a
) 16 0,255,0,255,0,0,0,0,0,0 Common 20 10 15 )	# ) [29 ]p
U 5 0,255,0,255,0,0,0,0,0,0 Latin 21 0 21 U	# U [55 ]A
b 3 0,255,0,255,0,0,0,0,0,0 Latin 22 0 22 b	# b [62 ]a
T 5 0,255,0,255,0,0,0,0,0,0 Latin 14 0 23 T	# T [54 ]A
p 3 0,255,0,255,0,0,0,0,0,0 Latin 42 0 24 p	# p [70 ]a
: 16 0,255,0,255,0,0,0,0,0,0 Common 25 6 25 :	# : [3a ]p
S 5 0,255,0,255,0,0,0,0,0,0 Latin 52 0 26 S	# S [53 ]A
= 0 0,255,0,255,0,0,0,0,0,0 Common 27 10 27 =	# = [3d ]
+ 0 0,255,0,255,0,0,0,0,0,0 Common 28 3 28 +	# + [2b ]
2 8 0,255,0,255,0,0,0,0,0,0 Common 29 2 29 2	# 2 [32 ]0
9 8 0,255,0,255,0,0,0,0,0,0 Common 30 2 30 9	# 9 [39 ]0
4 8 0,255,0,255,0,0,0,0,0,0 Common 31 2 31 4	# 4 [34 ]0
0 8 0,255,0,255,0,0,0,0,0,0 Common 32 2 32 0	# 0 [30 ]0
7 8 0,255,0,255,0,0,0,0,0,0 Common 33 2 33 7	# 7 [37 ]0
1 8 0,255,0,255,0,0,0,0,0,0 Common 34 2 34 1	# 1 [31 ]0
D 5 0,255,0,255,0,0,0,0,0,0 Latin 10 0 35 D	# D [44 ]A
E 5 0,255,0,255,0,0,0,0,0,0 Latin 11 0 36 E	# E [45 ]A
X 5 0,255,0,255,0,0,0,0,0,0 Latin 41 0 37 X	# X [58 ]A
5 8 0,255,0,255,0,0,0,0,0,0 Common 38 2 38 5	# 5 [35 ]0
N 5 0,255,0,255,0,0,0,0,0,0 Latin 9 0 39 N	# N [4e ]A
M 5 0,255,0,255,0,0,0,0,0,0 Latin 19 0 40 M	# M [4d ]A
x 3 0,255,0,255,0,0,0,0,0,0 Latin 37 0 41 x	# x [78 ]a
P 5 0,255,0,255,0,0,0,0,0,0 Latin 24 0 42 P	# P [50 ]A
6 8 0,255,0,255,0,0,0,0,0,0 Common 43 2 43 6	# 6 [36 ]0
3 8 0,255,0,255,0,0,0,0,0,0 Common 44 2 44 3	# 3 [33 ]0
i 3 0,255,0,255,0,0,0,0,0,0 Latin 18 0 45 i	# i [69 ]a
A 5 0,255,0,255,0,0,0,0,0,0 Latin 6 0 46 A	# A [41 ]A
c 3 0,255,0,255,0,0,0,0,0,0 Latin 47 0 47 c	# c [63 ]a
k 3 0,255,0,255,0,0,0,0,0,0 Latin 48 0 48 k	# k [6b ]a
w 3 0,255,0,255,0,0,0,0,0,0 Latin 8 0 49 w	# w [77 ]a
8 8 0,255,0,255,0,0,0,0,0,0 Common 50 2 50 8	# 8 [38 ]0
f 3 0,255,0,255,0,0,0,0,0,0 Latin 53 0 51 f	# f [66 ]a
s 3 0,255,0,255,0,0,0,0,0,0 Latin 26 0 52 s	# s [73 ]a
F 5 0,255,0,255,0,0,0,0,0,0 Latin 51 0 53 F	# F [46 ]A
% 16 0,255,0,255,0,0,0,0,0,0 Common 54 4 54 %	# % [25 ]p
~ 0 0,255,0,255,0,0,0,0,0,0 Common 55 10 55 ~	# ~ [7e ]
